{
 "cells": [
  {
   "cell_type": "code",
   "execution_count": null,
   "metadata": {},
   "outputs": [],
   "source": []
  },
  {
   "cell_type": "markdown",
   "metadata": {},
   "source": [
    "# Question\n",
    "Perform clustering (*hierarchical,   K means clustering and  DBSCAN*) for the airlines data to obtain optimum number of clusters. \n",
    "\n",
    "Draw the inferences from the clusters obtained.\n"
   ]
  },
  {
   "cell_type": "markdown",
   "metadata": {},
   "source": [
    "# Data Description:\n",
    " \n",
    "The file EastWestAirlinescontains information on passengers who belong to an airline’s frequent flier program. For each passenger the data include information on their mileage history and on different ways they accrued or spent miles in the last year. The goal is to try to identify clusters of passengers that have similar characteristics for the purpose of targeting different segments for different types of mileage offers\n",
    "\n",
    "ID --Unique ID\n",
    "\n",
    "Balance--Number of miles eligible for award travel\n",
    "\n",
    "Qual_mile--Number of miles counted as qualifying for Topflight status\n",
    "\n",
    "cc1_miles -- Number of miles earned with freq. flyer credit card in the past 12 months:\n",
    "\n",
    "cc2_miles -- Number of miles earned with Rewards credit card in the past 12 months:\n",
    "\n",
    "cc3_miles -- Number of miles earned with Small Business credit card in the past 12 months:\n",
    "\n",
    "1 = under 5,000\n",
    "2 = 5,000 - 10,000\n",
    "3 = 10,001 - 25,000\n",
    "4 = 25,001 - 50,000\n",
    "5 = over 50,000\n",
    "\n",
    "Bonus_miles--Number of miles earned from non-flight bonus transactions in the past 12 months\n",
    "\n",
    "Bonus_trans--Number of non-flight bonus transactions in the past 12 months\n",
    "\n",
    "Flight_miles_12mo--Number of flight miles in the past 12 months\n",
    "\n",
    "Flight_trans_12--Number of flight transactions in the past 12 months\n",
    "\n",
    "Days_since_enrolled--Number of days since enrolled in flier program\n",
    "\n",
    "Award--whether that person had award flight (free flight) or not"
   ]
  },
  {
   "cell_type": "code",
   "execution_count": null,
   "metadata": {},
   "outputs": [],
   "source": []
  },
  {
   "cell_type": "markdown",
   "metadata": {},
   "source": [
    "# 1 Importing Libraries and Data"
   ]
  },
  {
   "cell_type": "code",
   "execution_count": 14,
   "metadata": {},
   "outputs": [],
   "source": [
    "#importing data\n",
    "\n",
    "df = pd.read_excel (r'EastWestAirlines.xlsx', sheet_name='data')"
   ]
  },
  {
   "cell_type": "code",
   "execution_count": 15,
   "metadata": {},
   "outputs": [
    {
     "data": {
      "text/html": [
       "<div>\n",
       "<style scoped>\n",
       "    .dataframe tbody tr th:only-of-type {\n",
       "        vertical-align: middle;\n",
       "    }\n",
       "\n",
       "    .dataframe tbody tr th {\n",
       "        vertical-align: top;\n",
       "    }\n",
       "\n",
       "    .dataframe thead th {\n",
       "        text-align: right;\n",
       "    }\n",
       "</style>\n",
       "<table border=\"1\" class=\"dataframe\">\n",
       "  <thead>\n",
       "    <tr style=\"text-align: right;\">\n",
       "      <th></th>\n",
       "      <th>ID#</th>\n",
       "      <th>Balance</th>\n",
       "      <th>Qual_miles</th>\n",
       "      <th>cc1_miles</th>\n",
       "      <th>cc2_miles</th>\n",
       "      <th>cc3_miles</th>\n",
       "      <th>Bonus_miles</th>\n",
       "      <th>Bonus_trans</th>\n",
       "      <th>Flight_miles_12mo</th>\n",
       "      <th>Flight_trans_12</th>\n",
       "      <th>Days_since_enroll</th>\n",
       "      <th>Award?</th>\n",
       "    </tr>\n",
       "  </thead>\n",
       "  <tbody>\n",
       "    <tr>\n",
       "      <th>0</th>\n",
       "      <td>1</td>\n",
       "      <td>28143</td>\n",
       "      <td>0</td>\n",
       "      <td>1</td>\n",
       "      <td>1</td>\n",
       "      <td>1</td>\n",
       "      <td>174</td>\n",
       "      <td>1</td>\n",
       "      <td>0</td>\n",
       "      <td>0</td>\n",
       "      <td>7000</td>\n",
       "      <td>0</td>\n",
       "    </tr>\n",
       "    <tr>\n",
       "      <th>1</th>\n",
       "      <td>2</td>\n",
       "      <td>19244</td>\n",
       "      <td>0</td>\n",
       "      <td>1</td>\n",
       "      <td>1</td>\n",
       "      <td>1</td>\n",
       "      <td>215</td>\n",
       "      <td>2</td>\n",
       "      <td>0</td>\n",
       "      <td>0</td>\n",
       "      <td>6968</td>\n",
       "      <td>0</td>\n",
       "    </tr>\n",
       "    <tr>\n",
       "      <th>2</th>\n",
       "      <td>3</td>\n",
       "      <td>41354</td>\n",
       "      <td>0</td>\n",
       "      <td>1</td>\n",
       "      <td>1</td>\n",
       "      <td>1</td>\n",
       "      <td>4123</td>\n",
       "      <td>4</td>\n",
       "      <td>0</td>\n",
       "      <td>0</td>\n",
       "      <td>7034</td>\n",
       "      <td>0</td>\n",
       "    </tr>\n",
       "    <tr>\n",
       "      <th>3</th>\n",
       "      <td>4</td>\n",
       "      <td>14776</td>\n",
       "      <td>0</td>\n",
       "      <td>1</td>\n",
       "      <td>1</td>\n",
       "      <td>1</td>\n",
       "      <td>500</td>\n",
       "      <td>1</td>\n",
       "      <td>0</td>\n",
       "      <td>0</td>\n",
       "      <td>6952</td>\n",
       "      <td>0</td>\n",
       "    </tr>\n",
       "    <tr>\n",
       "      <th>4</th>\n",
       "      <td>5</td>\n",
       "      <td>97752</td>\n",
       "      <td>0</td>\n",
       "      <td>4</td>\n",
       "      <td>1</td>\n",
       "      <td>1</td>\n",
       "      <td>43300</td>\n",
       "      <td>26</td>\n",
       "      <td>2077</td>\n",
       "      <td>4</td>\n",
       "      <td>6935</td>\n",
       "      <td>1</td>\n",
       "    </tr>\n",
       "    <tr>\n",
       "      <th>...</th>\n",
       "      <td>...</td>\n",
       "      <td>...</td>\n",
       "      <td>...</td>\n",
       "      <td>...</td>\n",
       "      <td>...</td>\n",
       "      <td>...</td>\n",
       "      <td>...</td>\n",
       "      <td>...</td>\n",
       "      <td>...</td>\n",
       "      <td>...</td>\n",
       "      <td>...</td>\n",
       "      <td>...</td>\n",
       "    </tr>\n",
       "    <tr>\n",
       "      <th>3994</th>\n",
       "      <td>4017</td>\n",
       "      <td>18476</td>\n",
       "      <td>0</td>\n",
       "      <td>1</td>\n",
       "      <td>1</td>\n",
       "      <td>1</td>\n",
       "      <td>8525</td>\n",
       "      <td>4</td>\n",
       "      <td>200</td>\n",
       "      <td>1</td>\n",
       "      <td>1403</td>\n",
       "      <td>1</td>\n",
       "    </tr>\n",
       "    <tr>\n",
       "      <th>3995</th>\n",
       "      <td>4018</td>\n",
       "      <td>64385</td>\n",
       "      <td>0</td>\n",
       "      <td>1</td>\n",
       "      <td>1</td>\n",
       "      <td>1</td>\n",
       "      <td>981</td>\n",
       "      <td>5</td>\n",
       "      <td>0</td>\n",
       "      <td>0</td>\n",
       "      <td>1395</td>\n",
       "      <td>1</td>\n",
       "    </tr>\n",
       "    <tr>\n",
       "      <th>3996</th>\n",
       "      <td>4019</td>\n",
       "      <td>73597</td>\n",
       "      <td>0</td>\n",
       "      <td>3</td>\n",
       "      <td>1</td>\n",
       "      <td>1</td>\n",
       "      <td>25447</td>\n",
       "      <td>8</td>\n",
       "      <td>0</td>\n",
       "      <td>0</td>\n",
       "      <td>1402</td>\n",
       "      <td>1</td>\n",
       "    </tr>\n",
       "    <tr>\n",
       "      <th>3997</th>\n",
       "      <td>4020</td>\n",
       "      <td>54899</td>\n",
       "      <td>0</td>\n",
       "      <td>1</td>\n",
       "      <td>1</td>\n",
       "      <td>1</td>\n",
       "      <td>500</td>\n",
       "      <td>1</td>\n",
       "      <td>500</td>\n",
       "      <td>1</td>\n",
       "      <td>1401</td>\n",
       "      <td>0</td>\n",
       "    </tr>\n",
       "    <tr>\n",
       "      <th>3998</th>\n",
       "      <td>4021</td>\n",
       "      <td>3016</td>\n",
       "      <td>0</td>\n",
       "      <td>1</td>\n",
       "      <td>1</td>\n",
       "      <td>1</td>\n",
       "      <td>0</td>\n",
       "      <td>0</td>\n",
       "      <td>0</td>\n",
       "      <td>0</td>\n",
       "      <td>1398</td>\n",
       "      <td>0</td>\n",
       "    </tr>\n",
       "  </tbody>\n",
       "</table>\n",
       "<p>3999 rows × 12 columns</p>\n",
       "</div>"
      ],
      "text/plain": [
       "       ID#  Balance  Qual_miles  cc1_miles  cc2_miles  cc3_miles  Bonus_miles  \\\n",
       "0        1    28143           0          1          1          1          174   \n",
       "1        2    19244           0          1          1          1          215   \n",
       "2        3    41354           0          1          1          1         4123   \n",
       "3        4    14776           0          1          1          1          500   \n",
       "4        5    97752           0          4          1          1        43300   \n",
       "...    ...      ...         ...        ...        ...        ...          ...   \n",
       "3994  4017    18476           0          1          1          1         8525   \n",
       "3995  4018    64385           0          1          1          1          981   \n",
       "3996  4019    73597           0          3          1          1        25447   \n",
       "3997  4020    54899           0          1          1          1          500   \n",
       "3998  4021     3016           0          1          1          1            0   \n",
       "\n",
       "      Bonus_trans  Flight_miles_12mo  Flight_trans_12  Days_since_enroll  \\\n",
       "0               1                  0                0               7000   \n",
       "1               2                  0                0               6968   \n",
       "2               4                  0                0               7034   \n",
       "3               1                  0                0               6952   \n",
       "4              26               2077                4               6935   \n",
       "...           ...                ...              ...                ...   \n",
       "3994            4                200                1               1403   \n",
       "3995            5                  0                0               1395   \n",
       "3996            8                  0                0               1402   \n",
       "3997            1                500                1               1401   \n",
       "3998            0                  0                0               1398   \n",
       "\n",
       "      Award?  \n",
       "0          0  \n",
       "1          0  \n",
       "2          0  \n",
       "3          0  \n",
       "4          1  \n",
       "...      ...  \n",
       "3994       1  \n",
       "3995       1  \n",
       "3996       1  \n",
       "3997       0  \n",
       "3998       0  \n",
       "\n",
       "[3999 rows x 12 columns]"
      ]
     },
     "execution_count": 15,
     "metadata": {},
     "output_type": "execute_result"
    }
   ],
   "source": [
    "df"
   ]
  },
  {
   "cell_type": "code",
   "execution_count": 17,
   "metadata": {},
   "outputs": [
    {
     "data": {
      "text/plain": [
       "Index(['ID#', 'Balance', 'Qual_miles', 'cc1_miles', 'cc2_miles', 'cc3_miles',\n",
       "       'Bonus_miles', 'Bonus_trans', 'Flight_miles_12mo', 'Flight_trans_12',\n",
       "       'Days_since_enroll', 'Award?'],\n",
       "      dtype='object')"
      ]
     },
     "execution_count": 17,
     "metadata": {},
     "output_type": "execute_result"
    }
   ],
   "source": [
    "df.columns"
   ]
  },
  {
   "cell_type": "code",
   "execution_count": 18,
   "metadata": {},
   "outputs": [
    {
     "data": {
      "text/plain": [
       "False"
      ]
     },
     "execution_count": 18,
     "metadata": {},
     "output_type": "execute_result"
    }
   ],
   "source": [
    "df.isnull().values.any()   # no null values present\n"
   ]
  },
  {
   "cell_type": "code",
   "execution_count": 19,
   "metadata": {},
   "outputs": [
    {
     "data": {
      "text/html": [
       "<div>\n",
       "<style scoped>\n",
       "    .dataframe tbody tr th:only-of-type {\n",
       "        vertical-align: middle;\n",
       "    }\n",
       "\n",
       "    .dataframe tbody tr th {\n",
       "        vertical-align: top;\n",
       "    }\n",
       "\n",
       "    .dataframe thead th {\n",
       "        text-align: right;\n",
       "    }\n",
       "</style>\n",
       "<table border=\"1\" class=\"dataframe\">\n",
       "  <thead>\n",
       "    <tr style=\"text-align: right;\">\n",
       "      <th></th>\n",
       "      <th>ID#</th>\n",
       "      <th>Balance</th>\n",
       "      <th>Qual_miles</th>\n",
       "      <th>cc1_miles</th>\n",
       "      <th>cc2_miles</th>\n",
       "      <th>cc3_miles</th>\n",
       "      <th>Bonus_miles</th>\n",
       "      <th>Bonus_trans</th>\n",
       "      <th>Flight_miles_12mo</th>\n",
       "      <th>Flight_trans_12</th>\n",
       "      <th>Days_since_enroll</th>\n",
       "      <th>Award?</th>\n",
       "    </tr>\n",
       "  </thead>\n",
       "  <tbody>\n",
       "    <tr>\n",
       "      <th>ID#</th>\n",
       "      <td>1.000000</td>\n",
       "      <td>-0.243737</td>\n",
       "      <td>-0.019374</td>\n",
       "      <td>-0.224465</td>\n",
       "      <td>0.020291</td>\n",
       "      <td>-0.014707</td>\n",
       "      <td>-0.203012</td>\n",
       "      <td>-0.146915</td>\n",
       "      <td>-0.031013</td>\n",
       "      <td>-0.052096</td>\n",
       "      <td>-0.964988</td>\n",
       "      <td>-0.177901</td>\n",
       "    </tr>\n",
       "    <tr>\n",
       "      <th>Balance</th>\n",
       "      <td>-0.243737</td>\n",
       "      <td>1.000000</td>\n",
       "      <td>0.108722</td>\n",
       "      <td>0.338344</td>\n",
       "      <td>-0.008804</td>\n",
       "      <td>0.035243</td>\n",
       "      <td>0.403487</td>\n",
       "      <td>0.324935</td>\n",
       "      <td>0.217551</td>\n",
       "      <td>0.255700</td>\n",
       "      <td>0.263129</td>\n",
       "      <td>0.178494</td>\n",
       "    </tr>\n",
       "    <tr>\n",
       "      <th>Qual_miles</th>\n",
       "      <td>-0.019374</td>\n",
       "      <td>0.108722</td>\n",
       "      <td>1.000000</td>\n",
       "      <td>0.007931</td>\n",
       "      <td>-0.013923</td>\n",
       "      <td>-0.007779</td>\n",
       "      <td>0.031021</td>\n",
       "      <td>0.050725</td>\n",
       "      <td>0.126774</td>\n",
       "      <td>0.144004</td>\n",
       "      <td>0.017312</td>\n",
       "      <td>0.095256</td>\n",
       "    </tr>\n",
       "    <tr>\n",
       "      <th>cc1_miles</th>\n",
       "      <td>-0.224465</td>\n",
       "      <td>0.338344</td>\n",
       "      <td>0.007931</td>\n",
       "      <td>1.000000</td>\n",
       "      <td>-0.068223</td>\n",
       "      <td>0.060555</td>\n",
       "      <td>0.825200</td>\n",
       "      <td>0.608943</td>\n",
       "      <td>0.037370</td>\n",
       "      <td>0.041333</td>\n",
       "      <td>0.230849</td>\n",
       "      <td>0.335457</td>\n",
       "    </tr>\n",
       "    <tr>\n",
       "      <th>cc2_miles</th>\n",
       "      <td>0.020291</td>\n",
       "      <td>-0.008804</td>\n",
       "      <td>-0.013923</td>\n",
       "      <td>-0.068223</td>\n",
       "      <td>1.000000</td>\n",
       "      <td>-0.006166</td>\n",
       "      <td>-0.003969</td>\n",
       "      <td>0.064399</td>\n",
       "      <td>0.010598</td>\n",
       "      <td>0.028284</td>\n",
       "      <td>-0.005807</td>\n",
       "      <td>0.005332</td>\n",
       "    </tr>\n",
       "    <tr>\n",
       "      <th>cc3_miles</th>\n",
       "      <td>-0.014707</td>\n",
       "      <td>0.035243</td>\n",
       "      <td>-0.007779</td>\n",
       "      <td>0.060555</td>\n",
       "      <td>-0.006166</td>\n",
       "      <td>1.000000</td>\n",
       "      <td>0.204134</td>\n",
       "      <td>0.097313</td>\n",
       "      <td>-0.001777</td>\n",
       "      <td>-0.001117</td>\n",
       "      <td>0.010832</td>\n",
       "      <td>0.023484</td>\n",
       "    </tr>\n",
       "    <tr>\n",
       "      <th>Bonus_miles</th>\n",
       "      <td>-0.203012</td>\n",
       "      <td>0.403487</td>\n",
       "      <td>0.031021</td>\n",
       "      <td>0.825200</td>\n",
       "      <td>-0.003969</td>\n",
       "      <td>0.204134</td>\n",
       "      <td>1.000000</td>\n",
       "      <td>0.603180</td>\n",
       "      <td>0.183536</td>\n",
       "      <td>0.185261</td>\n",
       "      <td>0.210397</td>\n",
       "      <td>0.373506</td>\n",
       "    </tr>\n",
       "    <tr>\n",
       "      <th>Bonus_trans</th>\n",
       "      <td>-0.146915</td>\n",
       "      <td>0.324935</td>\n",
       "      <td>0.050725</td>\n",
       "      <td>0.608943</td>\n",
       "      <td>0.064399</td>\n",
       "      <td>0.097313</td>\n",
       "      <td>0.603180</td>\n",
       "      <td>1.000000</td>\n",
       "      <td>0.377216</td>\n",
       "      <td>0.432364</td>\n",
       "      <td>0.161262</td>\n",
       "      <td>0.333893</td>\n",
       "    </tr>\n",
       "    <tr>\n",
       "      <th>Flight_miles_12mo</th>\n",
       "      <td>-0.031013</td>\n",
       "      <td>0.217551</td>\n",
       "      <td>0.126774</td>\n",
       "      <td>0.037370</td>\n",
       "      <td>0.010598</td>\n",
       "      <td>-0.001777</td>\n",
       "      <td>0.183536</td>\n",
       "      <td>0.377216</td>\n",
       "      <td>1.000000</td>\n",
       "      <td>0.869193</td>\n",
       "      <td>0.037271</td>\n",
       "      <td>0.217715</td>\n",
       "    </tr>\n",
       "    <tr>\n",
       "      <th>Flight_trans_12</th>\n",
       "      <td>-0.052096</td>\n",
       "      <td>0.255700</td>\n",
       "      <td>0.144004</td>\n",
       "      <td>0.041333</td>\n",
       "      <td>0.028284</td>\n",
       "      <td>-0.001117</td>\n",
       "      <td>0.185261</td>\n",
       "      <td>0.432364</td>\n",
       "      <td>0.869193</td>\n",
       "      <td>1.000000</td>\n",
       "      <td>0.059260</td>\n",
       "      <td>0.247909</td>\n",
       "    </tr>\n",
       "    <tr>\n",
       "      <th>Days_since_enroll</th>\n",
       "      <td>-0.964988</td>\n",
       "      <td>0.263129</td>\n",
       "      <td>0.017312</td>\n",
       "      <td>0.230849</td>\n",
       "      <td>-0.005807</td>\n",
       "      <td>0.010832</td>\n",
       "      <td>0.210397</td>\n",
       "      <td>0.161262</td>\n",
       "      <td>0.037271</td>\n",
       "      <td>0.059260</td>\n",
       "      <td>1.000000</td>\n",
       "      <td>0.188121</td>\n",
       "    </tr>\n",
       "    <tr>\n",
       "      <th>Award?</th>\n",
       "      <td>-0.177901</td>\n",
       "      <td>0.178494</td>\n",
       "      <td>0.095256</td>\n",
       "      <td>0.335457</td>\n",
       "      <td>0.005332</td>\n",
       "      <td>0.023484</td>\n",
       "      <td>0.373506</td>\n",
       "      <td>0.333893</td>\n",
       "      <td>0.217715</td>\n",
       "      <td>0.247909</td>\n",
       "      <td>0.188121</td>\n",
       "      <td>1.000000</td>\n",
       "    </tr>\n",
       "  </tbody>\n",
       "</table>\n",
       "</div>"
      ],
      "text/plain": [
       "                        ID#   Balance  Qual_miles  cc1_miles  cc2_miles  \\\n",
       "ID#                1.000000 -0.243737   -0.019374  -0.224465   0.020291   \n",
       "Balance           -0.243737  1.000000    0.108722   0.338344  -0.008804   \n",
       "Qual_miles        -0.019374  0.108722    1.000000   0.007931  -0.013923   \n",
       "cc1_miles         -0.224465  0.338344    0.007931   1.000000  -0.068223   \n",
       "cc2_miles          0.020291 -0.008804   -0.013923  -0.068223   1.000000   \n",
       "cc3_miles         -0.014707  0.035243   -0.007779   0.060555  -0.006166   \n",
       "Bonus_miles       -0.203012  0.403487    0.031021   0.825200  -0.003969   \n",
       "Bonus_trans       -0.146915  0.324935    0.050725   0.608943   0.064399   \n",
       "Flight_miles_12mo -0.031013  0.217551    0.126774   0.037370   0.010598   \n",
       "Flight_trans_12   -0.052096  0.255700    0.144004   0.041333   0.028284   \n",
       "Days_since_enroll -0.964988  0.263129    0.017312   0.230849  -0.005807   \n",
       "Award?            -0.177901  0.178494    0.095256   0.335457   0.005332   \n",
       "\n",
       "                   cc3_miles  Bonus_miles  Bonus_trans  Flight_miles_12mo  \\\n",
       "ID#                -0.014707    -0.203012    -0.146915          -0.031013   \n",
       "Balance             0.035243     0.403487     0.324935           0.217551   \n",
       "Qual_miles         -0.007779     0.031021     0.050725           0.126774   \n",
       "cc1_miles           0.060555     0.825200     0.608943           0.037370   \n",
       "cc2_miles          -0.006166    -0.003969     0.064399           0.010598   \n",
       "cc3_miles           1.000000     0.204134     0.097313          -0.001777   \n",
       "Bonus_miles         0.204134     1.000000     0.603180           0.183536   \n",
       "Bonus_trans         0.097313     0.603180     1.000000           0.377216   \n",
       "Flight_miles_12mo  -0.001777     0.183536     0.377216           1.000000   \n",
       "Flight_trans_12    -0.001117     0.185261     0.432364           0.869193   \n",
       "Days_since_enroll   0.010832     0.210397     0.161262           0.037271   \n",
       "Award?              0.023484     0.373506     0.333893           0.217715   \n",
       "\n",
       "                   Flight_trans_12  Days_since_enroll    Award?  \n",
       "ID#                      -0.052096          -0.964988 -0.177901  \n",
       "Balance                   0.255700           0.263129  0.178494  \n",
       "Qual_miles                0.144004           0.017312  0.095256  \n",
       "cc1_miles                 0.041333           0.230849  0.335457  \n",
       "cc2_miles                 0.028284          -0.005807  0.005332  \n",
       "cc3_miles                -0.001117           0.010832  0.023484  \n",
       "Bonus_miles               0.185261           0.210397  0.373506  \n",
       "Bonus_trans               0.432364           0.161262  0.333893  \n",
       "Flight_miles_12mo         0.869193           0.037271  0.217715  \n",
       "Flight_trans_12           1.000000           0.059260  0.247909  \n",
       "Days_since_enroll         0.059260           1.000000  0.188121  \n",
       "Award?                    0.247909           0.188121  1.000000  "
      ]
     },
     "execution_count": 19,
     "metadata": {},
     "output_type": "execute_result"
    }
   ],
   "source": [
    "df.corr()"
   ]
  },
  {
   "cell_type": "code",
   "execution_count": 20,
   "metadata": {},
   "outputs": [
    {
     "data": {
      "text/plain": [
       "array([[-1.73512503e+00, -4.51140783e-01, -1.86298687e-01, ...,\n",
       "        -3.62167870e-01,  1.39545434e+00, -7.66919299e-01],\n",
       "       [-1.73426342e+00, -5.39456874e-01, -1.86298687e-01, ...,\n",
       "        -3.62167870e-01,  1.37995704e+00, -7.66919299e-01],\n",
       "       [-1.73340181e+00, -3.20031232e-01, -1.86298687e-01, ...,\n",
       "        -3.62167870e-01,  1.41192021e+00, -7.66919299e-01],\n",
       "       ...,\n",
       "       [ 1.72682006e+00, -4.29480975e-05, -1.86298687e-01, ...,\n",
       "        -3.62167870e-01, -1.31560393e+00,  1.30391816e+00],\n",
       "       [ 1.72768167e+00, -1.85606976e-01, -1.86298687e-01, ...,\n",
       "        -9.85033311e-02, -1.31608822e+00, -7.66919299e-01],\n",
       "       [ 1.72854328e+00, -7.00507951e-01, -1.86298687e-01, ...,\n",
       "        -3.62167870e-01, -1.31754109e+00, -7.66919299e-01]])"
      ]
     },
     "execution_count": 20,
     "metadata": {},
     "output_type": "execute_result"
    }
   ],
   "source": [
    "\n",
    "stscaler = StandardScaler().fit(df)\n",
    "X = stscaler.transform(df)\n",
    "X"
   ]
  },
  {
   "cell_type": "markdown",
   "metadata": {},
   "source": [
    "# 1. K means Clustering"
   ]
  },
  {
   "cell_type": "markdown",
   "metadata": {},
   "source": [
    "K-Means Clustering\n",
    "\n",
    "The K-Means Clustering takes the input of dataset D and parameter k, \n",
    "and then divides a dataset D of n objects into k groups. \n",
    "This partition depends upon the similarity measure so that the resulting intra cluster similarity is \n",
    "high but the inter cluster similarity is low. \n",
    "Cluster similarity is measured regarding the mean value of the objects in a cluster, which can be showed as the cluster’s mean.\n",
    "\n",
    "The quality of the cluster assignments is determined by computing the sum of the squared error (SSE) after the centroids converge, or match the previous iteration’s assignment. The SSE is defined as the sum of the squared Euclidean distances of each point to its closest centroid. Since this is a measure of error, the objective of k-means is to try to minimize this value."
   ]
  },
  {
   "cell_type": "code",
   "execution_count": 24,
   "metadata": {},
   "outputs": [],
   "source": [
    "import pandas as pd\n",
    "import numpy as np\n",
    "from sklearn.cluster import KMeans\n",
    "from sklearn.preprocessing import MinMaxScaler\n",
    "from sklearn.datasets import make_blobs\n",
    "from sklearn.metrics import silhouette_samples, silhouette_score\n",
    "\n",
    "from sklearn.preprocessing import StandardScaler\n",
    "from yellowbrick.cluster import KElbowVisualizer\n",
    "\n",
    "from matplotlib import pyplot as plt\n",
    "import matplotlib.cm as cm\n",
    "import seaborn as sns\n",
    "%matplotlib inline\n",
    "sns.set_style('whitegrid')\n",
    "plt.style.use('fivethirtyeight')"
   ]
  },
  {
   "cell_type": "code",
   "execution_count": 25,
   "metadata": {},
   "outputs": [
    {
     "name": "stdout",
     "output_type": "stream",
     "text": [
      "<class 'pandas.core.frame.DataFrame'>\n",
      "RangeIndex: 3999 entries, 0 to 3998\n",
      "Data columns (total 12 columns):\n",
      " #   Column             Non-Null Count  Dtype\n",
      "---  ------             --------------  -----\n",
      " 0   ID#                3999 non-null   int64\n",
      " 1   Balance            3999 non-null   int64\n",
      " 2   Qual_miles         3999 non-null   int64\n",
      " 3   cc1_miles          3999 non-null   int64\n",
      " 4   cc2_miles          3999 non-null   int64\n",
      " 5   cc3_miles          3999 non-null   int64\n",
      " 6   Bonus_miles        3999 non-null   int64\n",
      " 7   Bonus_trans        3999 non-null   int64\n",
      " 8   Flight_miles_12mo  3999 non-null   int64\n",
      " 9   Flight_trans_12    3999 non-null   int64\n",
      " 10  Days_since_enroll  3999 non-null   int64\n",
      " 11  Award?             3999 non-null   int64\n",
      "dtypes: int64(12)\n",
      "memory usage: 375.0 KB\n"
     ]
    }
   ],
   "source": [
    "df.info()"
   ]
  },
  {
   "cell_type": "markdown",
   "metadata": {},
   "source": []
  },
  {
   "cell_type": "code",
   "execution_count": 30,
   "metadata": {},
   "outputs": [
    {
     "data": {
      "text/html": [
       "<div>\n",
       "<style scoped>\n",
       "    .dataframe tbody tr th:only-of-type {\n",
       "        vertical-align: middle;\n",
       "    }\n",
       "\n",
       "    .dataframe tbody tr th {\n",
       "        vertical-align: top;\n",
       "    }\n",
       "\n",
       "    .dataframe thead th {\n",
       "        text-align: right;\n",
       "    }\n",
       "</style>\n",
       "<table border=\"1\" class=\"dataframe\">\n",
       "  <thead>\n",
       "    <tr style=\"text-align: right;\">\n",
       "      <th></th>\n",
       "      <th>ID#</th>\n",
       "      <th>Balance</th>\n",
       "      <th>Qual_miles</th>\n",
       "      <th>cc1_miles</th>\n",
       "      <th>cc2_miles</th>\n",
       "      <th>cc3_miles</th>\n",
       "      <th>Bonus_miles</th>\n",
       "      <th>Bonus_trans</th>\n",
       "      <th>Flight_miles_12mo</th>\n",
       "      <th>Flight_trans_12</th>\n",
       "      <th>Days_since_enroll</th>\n",
       "      <th>Award?</th>\n",
       "    </tr>\n",
       "  </thead>\n",
       "  <tbody>\n",
       "    <tr>\n",
       "      <th>ID#</th>\n",
       "      <td>1.000000</td>\n",
       "      <td>-0.243737</td>\n",
       "      <td>-0.019374</td>\n",
       "      <td>-0.224465</td>\n",
       "      <td>0.020291</td>\n",
       "      <td>-0.014707</td>\n",
       "      <td>-0.203012</td>\n",
       "      <td>-0.146915</td>\n",
       "      <td>-0.031013</td>\n",
       "      <td>-0.052096</td>\n",
       "      <td>-0.964988</td>\n",
       "      <td>-0.177901</td>\n",
       "    </tr>\n",
       "    <tr>\n",
       "      <th>Balance</th>\n",
       "      <td>-0.243737</td>\n",
       "      <td>1.000000</td>\n",
       "      <td>0.108722</td>\n",
       "      <td>0.338344</td>\n",
       "      <td>-0.008804</td>\n",
       "      <td>0.035243</td>\n",
       "      <td>0.403487</td>\n",
       "      <td>0.324935</td>\n",
       "      <td>0.217551</td>\n",
       "      <td>0.255700</td>\n",
       "      <td>0.263129</td>\n",
       "      <td>0.178494</td>\n",
       "    </tr>\n",
       "    <tr>\n",
       "      <th>Qual_miles</th>\n",
       "      <td>-0.019374</td>\n",
       "      <td>0.108722</td>\n",
       "      <td>1.000000</td>\n",
       "      <td>0.007931</td>\n",
       "      <td>-0.013923</td>\n",
       "      <td>-0.007779</td>\n",
       "      <td>0.031021</td>\n",
       "      <td>0.050725</td>\n",
       "      <td>0.126774</td>\n",
       "      <td>0.144004</td>\n",
       "      <td>0.017312</td>\n",
       "      <td>0.095256</td>\n",
       "    </tr>\n",
       "    <tr>\n",
       "      <th>cc1_miles</th>\n",
       "      <td>-0.224465</td>\n",
       "      <td>0.338344</td>\n",
       "      <td>0.007931</td>\n",
       "      <td>1.000000</td>\n",
       "      <td>-0.068223</td>\n",
       "      <td>0.060555</td>\n",
       "      <td>0.825200</td>\n",
       "      <td>0.608943</td>\n",
       "      <td>0.037370</td>\n",
       "      <td>0.041333</td>\n",
       "      <td>0.230849</td>\n",
       "      <td>0.335457</td>\n",
       "    </tr>\n",
       "    <tr>\n",
       "      <th>cc2_miles</th>\n",
       "      <td>0.020291</td>\n",
       "      <td>-0.008804</td>\n",
       "      <td>-0.013923</td>\n",
       "      <td>-0.068223</td>\n",
       "      <td>1.000000</td>\n",
       "      <td>-0.006166</td>\n",
       "      <td>-0.003969</td>\n",
       "      <td>0.064399</td>\n",
       "      <td>0.010598</td>\n",
       "      <td>0.028284</td>\n",
       "      <td>-0.005807</td>\n",
       "      <td>0.005332</td>\n",
       "    </tr>\n",
       "    <tr>\n",
       "      <th>cc3_miles</th>\n",
       "      <td>-0.014707</td>\n",
       "      <td>0.035243</td>\n",
       "      <td>-0.007779</td>\n",
       "      <td>0.060555</td>\n",
       "      <td>-0.006166</td>\n",
       "      <td>1.000000</td>\n",
       "      <td>0.204134</td>\n",
       "      <td>0.097313</td>\n",
       "      <td>-0.001777</td>\n",
       "      <td>-0.001117</td>\n",
       "      <td>0.010832</td>\n",
       "      <td>0.023484</td>\n",
       "    </tr>\n",
       "    <tr>\n",
       "      <th>Bonus_miles</th>\n",
       "      <td>-0.203012</td>\n",
       "      <td>0.403487</td>\n",
       "      <td>0.031021</td>\n",
       "      <td>0.825200</td>\n",
       "      <td>-0.003969</td>\n",
       "      <td>0.204134</td>\n",
       "      <td>1.000000</td>\n",
       "      <td>0.603180</td>\n",
       "      <td>0.183536</td>\n",
       "      <td>0.185261</td>\n",
       "      <td>0.210397</td>\n",
       "      <td>0.373506</td>\n",
       "    </tr>\n",
       "    <tr>\n",
       "      <th>Bonus_trans</th>\n",
       "      <td>-0.146915</td>\n",
       "      <td>0.324935</td>\n",
       "      <td>0.050725</td>\n",
       "      <td>0.608943</td>\n",
       "      <td>0.064399</td>\n",
       "      <td>0.097313</td>\n",
       "      <td>0.603180</td>\n",
       "      <td>1.000000</td>\n",
       "      <td>0.377216</td>\n",
       "      <td>0.432364</td>\n",
       "      <td>0.161262</td>\n",
       "      <td>0.333893</td>\n",
       "    </tr>\n",
       "    <tr>\n",
       "      <th>Flight_miles_12mo</th>\n",
       "      <td>-0.031013</td>\n",
       "      <td>0.217551</td>\n",
       "      <td>0.126774</td>\n",
       "      <td>0.037370</td>\n",
       "      <td>0.010598</td>\n",
       "      <td>-0.001777</td>\n",
       "      <td>0.183536</td>\n",
       "      <td>0.377216</td>\n",
       "      <td>1.000000</td>\n",
       "      <td>0.869193</td>\n",
       "      <td>0.037271</td>\n",
       "      <td>0.217715</td>\n",
       "    </tr>\n",
       "    <tr>\n",
       "      <th>Flight_trans_12</th>\n",
       "      <td>-0.052096</td>\n",
       "      <td>0.255700</td>\n",
       "      <td>0.144004</td>\n",
       "      <td>0.041333</td>\n",
       "      <td>0.028284</td>\n",
       "      <td>-0.001117</td>\n",
       "      <td>0.185261</td>\n",
       "      <td>0.432364</td>\n",
       "      <td>0.869193</td>\n",
       "      <td>1.000000</td>\n",
       "      <td>0.059260</td>\n",
       "      <td>0.247909</td>\n",
       "    </tr>\n",
       "    <tr>\n",
       "      <th>Days_since_enroll</th>\n",
       "      <td>-0.964988</td>\n",
       "      <td>0.263129</td>\n",
       "      <td>0.017312</td>\n",
       "      <td>0.230849</td>\n",
       "      <td>-0.005807</td>\n",
       "      <td>0.010832</td>\n",
       "      <td>0.210397</td>\n",
       "      <td>0.161262</td>\n",
       "      <td>0.037271</td>\n",
       "      <td>0.059260</td>\n",
       "      <td>1.000000</td>\n",
       "      <td>0.188121</td>\n",
       "    </tr>\n",
       "    <tr>\n",
       "      <th>Award?</th>\n",
       "      <td>-0.177901</td>\n",
       "      <td>0.178494</td>\n",
       "      <td>0.095256</td>\n",
       "      <td>0.335457</td>\n",
       "      <td>0.005332</td>\n",
       "      <td>0.023484</td>\n",
       "      <td>0.373506</td>\n",
       "      <td>0.333893</td>\n",
       "      <td>0.217715</td>\n",
       "      <td>0.247909</td>\n",
       "      <td>0.188121</td>\n",
       "      <td>1.000000</td>\n",
       "    </tr>\n",
       "  </tbody>\n",
       "</table>\n",
       "</div>"
      ],
      "text/plain": [
       "                        ID#   Balance  Qual_miles  cc1_miles  cc2_miles  \\\n",
       "ID#                1.000000 -0.243737   -0.019374  -0.224465   0.020291   \n",
       "Balance           -0.243737  1.000000    0.108722   0.338344  -0.008804   \n",
       "Qual_miles        -0.019374  0.108722    1.000000   0.007931  -0.013923   \n",
       "cc1_miles         -0.224465  0.338344    0.007931   1.000000  -0.068223   \n",
       "cc2_miles          0.020291 -0.008804   -0.013923  -0.068223   1.000000   \n",
       "cc3_miles         -0.014707  0.035243   -0.007779   0.060555  -0.006166   \n",
       "Bonus_miles       -0.203012  0.403487    0.031021   0.825200  -0.003969   \n",
       "Bonus_trans       -0.146915  0.324935    0.050725   0.608943   0.064399   \n",
       "Flight_miles_12mo -0.031013  0.217551    0.126774   0.037370   0.010598   \n",
       "Flight_trans_12   -0.052096  0.255700    0.144004   0.041333   0.028284   \n",
       "Days_since_enroll -0.964988  0.263129    0.017312   0.230849  -0.005807   \n",
       "Award?            -0.177901  0.178494    0.095256   0.335457   0.005332   \n",
       "\n",
       "                   cc3_miles  Bonus_miles  Bonus_trans  Flight_miles_12mo  \\\n",
       "ID#                -0.014707    -0.203012    -0.146915          -0.031013   \n",
       "Balance             0.035243     0.403487     0.324935           0.217551   \n",
       "Qual_miles         -0.007779     0.031021     0.050725           0.126774   \n",
       "cc1_miles           0.060555     0.825200     0.608943           0.037370   \n",
       "cc2_miles          -0.006166    -0.003969     0.064399           0.010598   \n",
       "cc3_miles           1.000000     0.204134     0.097313          -0.001777   \n",
       "Bonus_miles         0.204134     1.000000     0.603180           0.183536   \n",
       "Bonus_trans         0.097313     0.603180     1.000000           0.377216   \n",
       "Flight_miles_12mo  -0.001777     0.183536     0.377216           1.000000   \n",
       "Flight_trans_12    -0.001117     0.185261     0.432364           0.869193   \n",
       "Days_since_enroll   0.010832     0.210397     0.161262           0.037271   \n",
       "Award?              0.023484     0.373506     0.333893           0.217715   \n",
       "\n",
       "                   Flight_trans_12  Days_since_enroll    Award?  \n",
       "ID#                      -0.052096          -0.964988 -0.177901  \n",
       "Balance                   0.255700           0.263129  0.178494  \n",
       "Qual_miles                0.144004           0.017312  0.095256  \n",
       "cc1_miles                 0.041333           0.230849  0.335457  \n",
       "cc2_miles                 0.028284          -0.005807  0.005332  \n",
       "cc3_miles                -0.001117           0.010832  0.023484  \n",
       "Bonus_miles               0.185261           0.210397  0.373506  \n",
       "Bonus_trans               0.432364           0.161262  0.333893  \n",
       "Flight_miles_12mo         0.869193           0.037271  0.217715  \n",
       "Flight_trans_12           1.000000           0.059260  0.247909  \n",
       "Days_since_enroll         0.059260           1.000000  0.188121  \n",
       "Award?                    0.247909           0.188121  1.000000  "
      ]
     },
     "execution_count": 30,
     "metadata": {},
     "output_type": "execute_result"
    }
   ],
   "source": [
    "df.corr()"
   ]
  },
  {
   "cell_type": "code",
   "execution_count": 51,
   "metadata": {},
   "outputs": [
    {
     "data": {
      "text/plain": [
       "<AxesSubplot:>"
      ]
     },
     "execution_count": 51,
     "metadata": {},
     "output_type": "execute_result"
    },
    {
     "data": {
